-0.1508050113916397
0.07165876775979996
0.0851408988237381
0.04488725960254669
-0.03774470090866089
-0.08244065940380096
0.010451968759298325
-0.08518514037132263
0.1323813498020172
-0.037205759435892105
0.20677976310253143
0.0026646340265870094
-0.23042753338813782
-0.15123902261257172
0.1144598051905632
0.0932655856013298
-0.1494034379720688
-0.09458278864622116
-0.07240024209022522
-0.0388084314763546
0.07196395099163055
-0.052961207926273346
0.06813989579677582
0.08332996070384979
-0.13410045206546783
-0.3248179852962494
-0.07729806005954742
-0.1539877951145172
0.04011673852801323
-0.07272577285766602
-0.006712230853736401
0.04702244699001312
-0.16076412796974182
-0.04297921434044838
-0.060666199773550034
0.09691867232322693
-0.007253048941493034
-0.050758231431245804
0.16674193739891052
-0.06321524828672409
-0.15789584815502167
-0.12256163358688354
-0.024918965995311737
0.17702007293701172
0.2001427561044693
0.00040827260818332434
0.05709860473871231
0.017125897109508514
0.05766930431127548
-0.2637837529182434
-0.00830955058336258
0.08232276886701584
0.15979553759098053
0.03995835781097412
0.0888245552778244
-0.2152250111103058
0.022593904286623
0.013035207986831665
-0.14891317486763
0.024929286912083626
-0.025806037709116936
-0.0992300808429718
-0.028768911957740784
-0.01959248073399067
0.26865166425704956
0.1385468989610672
-0.10349364578723907
-0.038721174001693726
0.10530221462249756
-0.16832953691482544
-0.0146518899127841
0.1007862538099289
-0.13052845001220703
-0.1479339599609375
-0.3285748362541199
-0.02828633412718773
0.41543349623680115
0.09872988611459732
-0.2275143265724182
-0.04449485242366791
-0.13076575100421906
0.030274905264377594
0.05020010843873024
0.04662593826651573
-0.1439017504453659
0.044234246015548706
-0.1565130054950714
0.0382399708032608
0.14388759434223175
-0.027701351791620255
-0.037160951644182205
0.16556420922279358
0.014340578578412533
0.1041298434138298
0.039327990263700485
-0.054965127259492874
0.022241098806262016
-0.04813004657626152
-0.05294189229607582
0.021732069551944733
0.05112745985388756
-0.12512855231761932
0.015668554231524467
0.05660063400864601
-0.15920273959636688
0.06063353642821312
0.04674006626009941
0.009212614968419075
0.000849003903567791
0.04931635409593582
-0.17330777645111084
-0.0265215877443552
0.16065093874931335
-0.24366649985313416
0.1674887090921402
0.20057280361652374
-0.0718250721693039
0.13687966763973236
0.006332020740956068
0.12634938955307007
-0.11388778686523438
-0.010745198465883732
-0.08176697790622711
0.013878879137337208
0.06792274862527847
-0.04024247080087662
0.06037619337439537
0.008522437885403633


-0.18057900667190552
0.023025739938020706
0.1050909087061882
0.061420246958732605
-0.04792147874832153
-0.08786626905202866
0.003633994609117508
-0.050774432718753815
0.10756740719079971
-0.04699742794036865
0.22630637884140015
-0.02782341092824936
-0.23225940763950348
-0.12276295572519302
0.06945746392011642
0.09489643573760986
-0.11022353917360306
-0.0558658242225647
-0.03891383111476898
-0.04282323271036148
0.11582614481449127
-0.02787885069847107
0.09255611896514893
0.08178938180208206
-0.13893954455852509
-0.33036908507347107
-0.11922376602888107
-0.1892997771501541
0.01754261553287506
-0.06590186059474945
-0.031302452087402344
0.025202110409736633
-0.10332658886909485
-0.01091717928647995
-0.011223681271076202
0.019780579954385757
0.042142849415540695
-0.024307366460561752
0.20873180031776428
-0.07035252451896667
-0.1672033816576004
-0.13551603257656097
-0.028392046689987183
0.18321593105793
0.14543300867080688
0.03199772909283638
0.03554783761501312
0.007144853472709656
0.042210496962070465
-0.2185143381357193
-0.01974988542497158
0.11458931863307953
0.08249226212501526
-0.001410813070833683
0.07216261327266693
-0.16974373161792755
0.01939501240849495
-0.015520967543125153
-0.16196918487548828
0.00277579459361732
-0.0318882130086422
-0.10558241605758667
-0.0718117505311966
-0.02089742012321949
0.23470813035964966
0.0942489504814148
-0.11968322843313217
-0.11613057553768158
0.1353570520877838
-0.18271005153656006
0.0059325373731553555
0.1286667287349701
-0.17346882820129395
-0.17050997912883759
-0.3003863990306854
-0.03723137825727463
0.4294159412384033
0.11344748735427856
-0.23118987679481506
-0.009267598390579224
-0.17668555676937103
0.022841744124889374
0.062284260988235474
0.03907278552651405
-0.08058594167232513
0.06955711543560028
-0.16775041818618774
0.010078785941004753
0.12199489772319794
-0.07781704515218735
-0.04247451573610306
0.17085577547550201
0.03842967748641968
0.10557985305786133
0.044440075755119324
-0.03300390765070915
-0.002595827914774418
-0.08081965148448944
-0.08870623260736465
0.00733695924282074
0.04631725698709488
-0.06385192275047302
0.010132133960723877
0.06977814435958862
-0.17758896946907043
0.07078675925731659
0.03441976010799408
-0.05046651512384415
-0.05882164090871811
0.0494835264980793
-0.20153893530368805
-0.03702384606003761
0.1414240151643753
-0.2434270679950714
0.11765964329242706
0.20161324739456177
0.007245135027915239
0.1365087479352951
0.020042698830366135
0.07621653378009796
-0.10536310076713562
-0.01690899021923542
-0.1016571894288063
-0.02129129134118557
0.06594662368297577
-0.02806995064020157
0.039447277784347534
-0.022491266950964928


-0.18952061235904694
-0.002864548936486244
0.1170281246304512
0.054608505219221115
-0.026251766830682755
-0.08844803273677826
0.028654523193836212
-0.07011225819587708
0.09505053609609604
-0.062437307089567184
0.21173681318759918
-0.06678985059261322
-0.21464717388153076
-0.09051989018917084
0.0863126590847969
0.06458255648612976
-0.11483076214790344
-0.0701255202293396
-0.059699706733226776
-0.040708042681217194
0.07479485124349594
-0.042536307126283646
0.07183772325515747
0.05355261266231537
-0.12284703552722931
-0.3739529848098755
-0.15558162331581116
-0.16285350918769836
0.03521446883678436
-0.040331676602363586
0.03907231241464615
0.025329388678073883
-0.10247576236724854
0.013332709670066833
-0.03281909227371216
0.006127534434199333
0.032918915152549744
-0.030902085825800896
0.22162337601184845
-0.061501335352659225
-0.1784355789422989
-0.11868099868297577
-0.018983857706189156
0.21560567617416382
0.12323610484600067
0.026237329468131065
0.03283055126667023
0.00041622109711170197
0.0010383615735918283
-0.23193588852882385
-0.013673139736056328
0.1142939031124115
0.07999579608440399
0.02044900320470333
0.09701873362064362
-0.1490860879421234
0.01413501612842083
-0.0200238935649395
-0.1769273579120636
0.025892028585076332
-0.02984418347477913
-0.054797589778900146
-0.0495702400803566
-0.047703180462121964
0.2686413824558258
0.11064857989549637
-0.14655525982379913
-0.11029273271560669
0.1215507984161377
-0.16343843936920166
0.004425345920026302
0.1331183910369873
-0.15911918878555298
-0.18891167640686035
-0.3069852292537689
0.01381627842783928
0.4755423963069916
0.11877695471048355
-0.21077680587768555
-0.012771046720445156
-0.20692883431911469
-0.011766452342271805
0.054065193980932236
0.03169047832489014
-0.1120917797088623
0.06957411020994186
-0.12087511271238327
0.035283610224723816
0.11750476062297821
-0.0517774261534214
-0.08384808152914047
0.15215522050857544
0.012662137858569622
0.08812782168388367
0.015327217057347298
-0.020832987502217293
-0.0008613169193267822
-0.05977267399430275
-0.10401765257120132
-0.004695645533502102
0.08230713754892349
-0.05885689705610275
0.03693588823080063
0.08182371407747269
-0.19472439587116241
0.12321578711271286
0.06059380620718002
-0.0780111625790596
-0.027243580669164658
0.08892449736595154
-0.21422043442726135
-0.000499941292218864
0.15773573517799377
-0.3110255300998688
0.13127006590366364
0.20313133299350739
0.02332186885178089
0.14543120563030243
0.03328482806682587
0.062072429805994034
-0.10105668008327484
0.005399709567427635
-0.09051893651485443
-0.011158043518662453
0.06020081043243408
0.009589752182364464
0.04615205526351929
0.0042883711867034435


-0.21181778609752655
0.07320985198020935
0.058721378445625305
0.06612162292003632
-0.005205488298088312
-0.10395833104848862
0.033388130366802216
-0.07759362459182739
0.15758156776428223
-0.015090853907167912
0.21262554824352264
-0.048401713371276855
-0.2529584765434265
-0.13108031451702118
0.06208965182304382
0.10260242223739624
-0.14855006337165833
-0.11144103109836578
-0.06686920672655106
-0.09990674257278442
0.10648863762617111
0.00613993126899004
0.0718640685081482
0.10166972130537033
-0.13245505094528198
-0.38474878668785095
-0.13180969655513763
-0.1593647003173828
0.022328393533825874
-0.08293963223695755
0.03134392201900482
0.03026801533997059
-0.1585117131471634
-0.03348872438073158
-0.004860877990722656
0.013174045830965042
0.03640581667423248
0.023147139698266983
0.2116779088973999
-0.0183626189827919
-0.15806569159030914
-0.12499160319566727
-0.0029622018337249756
0.26557067036628723
0.09673357009887695
0.04813853278756142
0.01718568056821823
-0.0007261941209435463
-0.011482448317110538
-0.1774258315563202
-0.0007497519254684448
0.19268840551376343
0.12425632029771805
0.02918209508061409
0.10900598019361496
-0.1582735776901245
0.003985663875937462
0.018011096864938736
-0.20976020395755768
0.021870307624340057
0.02196653001010418
-0.0663449615240097
-0.07926920056343079
-0.03514071926474571
0.2563394010066986
0.10644351691007614
-0.1288122534751892
-0.16169393062591553
0.13706393539905548
-0.17084595561027527
-0.014949019998311996
0.12655897438526154
-0.1399918794631958
-0.20488426089286804
-0.3151586651802063
0.031249217689037323
0.4250256419181824
0.10080013424158096
-0.2297271341085434
0.0118029760196805
-0.16549494862556458
0.01559573132544756
0.0825718492269516
0.027247626334428787
-0.11888168752193451
0.07824184745550156
-0.1422666609287262
0.016054026782512665
0.05678463354706764
0.0004712948575615883
-0.08649972826242447
0.14472131431102753
0.01128053292632103
0.06603045761585236
0.048950646072626114
-0.01857040263712406
-0.02549704536795616
-0.023818571120500565
-0.08854635804891586
0.029601745307445526
0.027831122279167175
-0.052124157547950745
0.007688438985496759
0.042341843247413635
-0.125413179397583
0.0949501022696495
0.06508920341730118
-0.06067056953907013
-0.10246478766202927
0.1167851984500885
-0.22291892766952515
-0.056439269334077835
0.11826832592487335
-0.35364487767219543
0.19283978641033173
0.19644370675086975
-0.05177535489201546
0.15643560886383057
-0.008365439251065254
0.11683627218008041
-0.09095224738121033
0.004513382911682129
-0.08907082676887512
-0.04001356288790703
0.07858860492706299
-0.034305863082408905
0.03384586051106453
-0.018846329301595688


-0.1411321759223938
0.014301282353699207
0.07228324562311172
-0.0175040140748024
-0.040094032883644104
-0.06197502091526985
-0.0040816571563482285
-0.07245147228240967
0.1396697461605072
-0.06803380697965622
0.22059400379657745
-0.023519029840826988
-0.1965884119272232
-0.14852838218212128
0.053693752735853195
0.1457153558731079
-0.1574704945087433
-0.14397262036800385
0.01488933153450489
-0.008938068524003029
0.08430425077676773
-0.04411429911851883
0.01652749441564083
0.1310974657535553
-0.1518743634223938
-0.34792783856391907
-0.11155012249946594
-0.16479258239269257
-0.003406185656785965
-0.023806706070899963
-0.07245658338069916
0.045374564826488495
-0.12171316891908646
0.044791221618652344
0.0017391704022884369
0.08765482902526855
0.010036136955022812
-0.07391046732664108
0.19225089251995087
-0.03471335768699646
-0.17855429649353027
-0.11440645158290863
0.0025811512023210526
0.18586622178554535
0.18456250429153442
-0.0010367094073444605
0.06239497661590576
0.0035509904846549034
0.11390355974435806
-0.19088685512542725
-0.006419813260436058
0.11305639892816544
0.1502808928489685
0.03131629899144173
0.035794518887996674
-0.18228669464588165
0.01535632461309433
0.056574128568172455
-0.17570121586322784
-0.0022657248191535473
-0.06392655521631241
-0.139598548412323
-0.04593614116311073
-0.030067233368754387
0.2448711395263672
0.1056453138589859
-0.12168242037296295
-0.1271197497844696
0.1452840268611908
-0.17967170476913452
-0.038414694368839264
0.06876491755247116
-0.1788969784975052
-0.19024032354354858
-0.3041442036628723
-0.007644927129149437
0.3314242959022522
0.13456693291664124
-0.2300208956003189
0.03913808986544609
-0.0910688117146492
0.037894830107688904
0.06982840597629547
0.06814930588006973
-0.08335606753826141
0.06783922761678696
-0.20145700871944427
-0.02032846212387085
0.19041426479816437
-0.07355688512325287
-0.0012483001919463277
0.15999296307563782
-0.010995271615684032
0.1001935750246048
0.023641422390937805
-0.04097679257392883
-0.006645336747169495
-0.006805984769016504
-0.08376376330852509
9.928829967975616e-05
0.031293176114559174
-0.03761271759867668
0.0042604440823197365
0.05496879667043686
-0.19406117498874664
0.06299759447574615
0.025157146155834198
-0.03080420196056366
-0.07433951646089554
0.0030518975108861923
-0.18732178211212158
-0.043076831847429276
0.1278444230556488
-0.22627121210098267
0.14129747450351715
0.17966806888580322
0.0439850315451622
0.17094506323337555
0.05173942819237709
0.05446288362145424
-0.09396220743656158
-0.07770072668790817
-0.12298589199781418
0.008947945199906826
0.12158913165330887
-0.01395786926150322
0.08244705200195312
-0.0030284030362963676


-0.1479700356721878
0.10076417773962021
0.016141502186655998
-0.10048918426036835
0.006310946308076382
-0.04298077151179314
0.00922310072928667
-0.08357749134302139
0.20865656435489655
-0.15558286011219025
0.20091599225997925
0.01410595327615738
-0.27585700154304504
-0.11232812702655792
-0.021125219762325287
0.12190154194831848
-0.15575069189071655
-0.18830953538417816
-0.060963064432144165
-0.07448308169841766
0.03488228842616081
-0.01986785978078842
0.014929174445569515
0.028547950088977814
-0.12582296133041382
-0.3709353804588318
-0.15986141562461853
-0.09468906372785568
0.03258141130208969
-0.07322099059820175
-0.020942796021699905
-0.014002318494021893
-0.20157933235168457
-0.05120279639959335
-0.051666758954524994
0.08155567944049835
-0.020424170419573784
-0.03753640875220299
0.18786168098449707
0.02215847373008728
-0.13793139159679413
-0.08625692129135132
0.011195199564099312
0.2797338664531708
0.10080338269472122
0.05230514332652092
0.08957023173570633
-0.06699829548597336
0.05731669068336487
-0.17674750089645386
0.11853968352079391
0.11812151223421097
0.13396142423152924
0.029739249497652054
0.06622380763292313
-0.16217996180057526
0.009870007634162903
0.11814850568771362
-0.1886221319437027
0.09460190683603287
0.06002630293369293
-0.08774499595165253
-0.053735531866550446
0.008806860074400902
0.26643165946006775
0.10273946821689606
-0.12602508068084717
-0.11706547439098358
0.24603524804115295
-0.15050113201141357
0.019879048690199852
0.011318987235426903
-0.10501449555158615
-0.17641042172908783
-0.30625730752944946
0.08353941142559052
0.4007440507411957
0.1526031792163849
-0.06522320955991745
0.06991441547870636
-0.1164412721991539
-0.03992465138435364
0.058658719062805176
0.1016780436038971
-0.16871203482151031
0.07962086796760559
-0.13989000022411346
0.11472147703170776
0.16754178702831268
0.024767085909843445
-0.07218415290117264
0.13827913999557495
-0.0349033921957016
0.06966561079025269
0.027296684682369232
0.025398436933755875
-0.12533192336559296
-0.011448945850133896
-0.08271649479866028
0.034361325204372406
0.06621579825878143
-0.08710694313049316
-0.01924990490078926
0.12742164731025696
-0.07253575325012207
0.07745084166526794
-0.0046797324903309345
-0.045063577592372894
-0.06455433368682861
0.051103588193655014
-0.13111422955989838
-0.11752963066101074
0.09273212403059006
-0.21004940569400787
0.14196795225143433
0.17689746618270874
0.010785817168653011
0.16443556547164917
0.11016888171434402
0.07968592643737793
0.023717671632766724
-0.052346669137477875
-0.20705850422382355
-0.028045793995261192
0.06830789893865585
0.006981068290770054
0.15043583512306213
0.05622469261288643


-0.16941989958286285
0.07366010546684265
0.04133642092347145
-0.07707063853740692
-0.0701456367969513
-0.04966624826192856
-0.020633995532989502
-0.12506428360939026
0.18990927934646606
-0.18005701899528503
0.17409391701221466
-0.004929431714117527
-0.22704154253005981
-0.09218724071979523
-0.054676417261362076
0.09233011305332184
-0.09540130943059921
-0.18631763756275177
-3.104470670223236e-05
-0.03629567474126816
0.04253184422850609
-0.05275267735123634
-0.008828929625451565
0.06012938544154167
-0.1512112319469452
-0.36112457513809204
-0.20696601271629333
-0.07392258197069168
0.04329698905348778
-0.07224759459495544
-0.023416029289364815
0.0039986432529985905
-0.18479502201080322
-0.007758907973766327
-0.04628755897283554
0.09270083904266357
0.009461396373808384
-0.0008547119796276093
0.15779446065425873
0.030098456889390945
-0.17513301968574524
-0.10264299809932709
0.004221141338348389
0.2760689854621887
0.05986792966723442
0.07119414210319519
0.08107316493988037
-0.040633756667375565
0.0483333095908165
-0.14366120100021362
0.09531190991401672
0.1353262960910797
0.09971431642770767
0.012845172546803951
0.08264192193746567
-0.16304677724838257
0.02399890497326851
0.08736462891101837
-0.20348677039146423
0.1487113982439041
0.0531378909945488
-0.08963634818792343
-0.033586643636226654
0.008625797927379608
0.254220575094223
0.13064044713974
-0.1123824268579483
-0.1587790548801422
0.22847479581832886
-0.2153874784708023
0.03500256687402725
0.03865649178624153
-0.09558722376823425
-0.19833844900131226
-0.2746073603630066
0.07937858998775482
0.43431803584098816
0.22074533998966217
-0.08756127208471298
0.06119544059038162
-0.07999766618013382
-0.06940533965826035
0.08408444374799728
0.11313870549201965
-0.1396559178829193
0.11827797442674637
-0.14049720764160156
0.07980979233980179
0.17496661841869354
0.02559814788401127
-0.034761909395456314
0.17159618437290192
-0.04321076720952988
0.07492895424365997
0.011071469634771347
0.0031973232980817556
-0.1600012183189392
0.0007777754217386246
-0.05724836140871048
0.013189345598220825
0.05005680024623871
-0.08809204399585724
0.020256811752915382
0.10950779169797897
-0.0662180632352829
0.10051993280649185
-0.024973668158054352
-0.05284885689616203
-0.117511086165905
0.09156069159507751
-0.17644020915031433
-0.11204300820827484
0.10584557801485062
-0.2141193002462387
0.17018508911132812
0.1618739366531372
0.026039469987154007
0.15230679512023926
0.13308584690093994
0.0810050517320633
0.048486512154340744
-0.04941216856241226
-0.09403590857982635
-0.04020722582936287
0.03961770981550217
-0.08736991137266159
0.1461613029241562
0.023426275700330734


-0.15459300577640533
0.07873117178678513
0.014732973650097847
-0.07455214858055115
-0.04209928214550018
-0.055431317538022995
-0.020825104787945747
-0.1293390393257141
0.23128435015678406
-0.17686480283737183
0.17714335024356842
0.03213327378034592
-0.2169266641139984
-0.0968482494354248
-0.06663872301578522
0.07575848698616028
-0.09471897780895233
-0.16736626625061035
0.014008836820721626
-0.05913128703832626
0.04812420904636383
-0.029635149985551834
0.022070974111557007
0.07725788652896881
-0.12826061248779297
-0.3253423273563385
-0.2019215077161789
-0.0825803279876709
0.026677722111344337
-0.08794207125902176
-0.020047225058078766
0.026631077751517296
-0.2061702162027359
-0.07089421153068542
-0.042895227670669556
0.0777120366692543
0.029202722012996674
0.05272432789206505
0.15967778861522675
0.012105138972401619
-0.1701229214668274
-0.07846220582723618
0.016322799026966095
0.28780579566955566
0.0867079421877861
0.0804014652967453
0.044248830527067184
-0.06590157002210617
0.026069073006510735
-0.11693568527698517
0.08112412691116333
0.128412663936615
0.08619389683008194
0.0031201783567667007
0.030254939571022987
-0.16524294018745422
0.017411714419722557
0.06385236978530884
-0.18439744412899017
0.11566299200057983
0.07020559161901474
-0.11249309778213501
-0.03502946346998215
0.06318855285644531
0.2553481459617615
0.1039317399263382
-0.09830747544765472
-0.17268283665180206
0.2222009152173996
-0.22440075874328613
0.029556822031736374
0.05620448291301727
-0.08709559589624405
-0.18074747920036316
-0.2685147821903229
0.0760224387049675
0.42890986800193787
0.17307277023792267
-0.08273923397064209
0.0992216244339943
-0.1137826219201088
-0.050373077392578125
0.07773955911397934
0.10328424721956253
-0.13979031145572662
0.12597620487213135
-0.1316373199224472
0.07426885515451431
0.16457796096801758
0.04912690818309784
-0.05468045920133591
0.16080212593078613
-0.027125295251607895
0.0765560045838356
0.07328982651233673
0.044552043080329895
-0.1493295431137085
-0.0015145777724683285
-0.1246134489774704
0.009386202320456505
0.03500131517648697
-0.0802149698138237
0.01322706788778305
0.11835835129022598
-0.08606082201004028
0.11827848851680756
-0.022567201405763626
-0.06832128763198853
-0.10986525565385818
0.09635569900274277
-0.15161779522895813
-0.11990358680486679
0.11108823865652084
-0.20945464074611664
0.17522482573986053
0.1459607481956482
0.03562070429325104
0.17882336676120758
0.13212211430072784
0.10016459226608276
0.03065567836165428
-0.043271712958812714
-0.10210436582565308
-0.04141053557395935
0.05205727368593216
-0.08454309403896332
0.18569429218769073
0.017373060807585716